stats/add_gcn
mAP: AmAP, WmAP, BmAP = 93.20, 80.48, 99.60
ap_list: [99.88, 99.02, 98.19, 99.08, 89.0, 56.08, 90.25, 97.32, 87.09, 94.05, 87.26, 99.29, 97.94, 96.07, 99.4, 84.5, 95.57, 85.75, 98.83, 96.11]
————————————————————————————————————
stats/fedavg
mAP: AmAP, WmAP, BmAP = 90.11, 62.00, 100.00
ap_list: [98.86, 92.5, 95.21, 95.17, 84.28, 69.01, 88.27, 97.79, 86.53, 92.84, 67.83, 97.65, 96.1, 93.07, 91.5, 82.28, 94.71, 82.25, 96.23, 82.8]
————————————————————————————————————
stats/gin
mAP: AmAP, WmAP, BmAP = 94.95, 81.00, 100.00
ap_list: [99.48, 98.97, 97.91, 98.99, 89.02, 95.99, 98.56, 98.66, 91.52, 95.36, 90.22, 99.46, 98.06, 96.39, 95.2, 84.78, 97.97, 87.26, 98.59, 91.67]
————————————————————————————————————
stats/kmeans_scene
mAP: AmAP, WmAP, BmAP = 94.78, 79.24, 100.00
ap_list: [99.95, 99.25, 97.54, 98.82, 91.96, 60.46, 97.93, 97.69, 93.23, 94.87, 92.67, 99.3, 97.46, 96.26, 97.84, 86.12, 95.56, 87.05, 98.25, 91.2]
————————————————————————————————————
stats/my_connect_prob_gcn
mAP: AmAP, WmAP, BmAP = 93.57, 77.66, 100.00
ap_list: [99.77, 90.91, 97.53, 98.59, 90.58, 55.41, 93.84, 98.26, 92.23, 96.39, 92.76, 99.38, 97.59, 96.14, 93.81, 84.91, 96.87, 87.98, 99.21, 89.85]
————————————————————————————————————