fixed_add_standard_gcn
mAP: AmAP, WmAP, BmAP = 93.52, 80.92, 100.00
ap_list: [99.65, 98.99, 97.72, 98.98, 91.25, 49.78, 97.24, 97.75, 94.03, 94.56, 91.12, 82.76, 97.81, 96.32, 99.57, 84.08, 97.23, 88.4, 98.49, 94.1]
————————————————————————————————————
fixed_connect_add_gcn
mAP: AmAP, WmAP, BmAP = 92.47, 70.48, 100.00
ap_list: [99.94, 99.24, 98.04, 98.94, 90.93, 56.14, 96.18, 97.61, 91.96, 95.25, 71.38, 99.52, 97.81, 96.09, 91.7, 86.7, 96.48, 86.75, 98.88, 91.17]
————————————————————————————————————
fixed_connect_add_standard_gcn
mAP: AmAP, WmAP, BmAP = 93.21, 78.28, 100.00
ap_list: [99.87, 99.41, 97.44, 98.69, 89.34, 57.2, 95.45, 97.96, 89.66, 95.76, 76.89, 99.52, 98.0, 96.39, 97.53, 85.3, 95.91, 88.95, 98.89, 91.91]
————————————————————————————————————