agg_salgl
mAP: AmAP, WmAP, BmAP = 93.0, 74.4, 100.0
————————————————————————————————————
kmeans
mAP: AmAP, WmAP, BmAP = 94.8, 79.2, 100.0
————————————————————————————————————
salgl
mAP: AmAP, WmAP, BmAP = 94.4, 79.5, 100.0
————————————————————————————————————
c_gcn_with_agg
mAP: AmAP, WmAP, BmAP = 87.7, 63.7, 100.0
————————————————————————————————————
c_gcn_without_agg
mAP: AmAP, WmAP, BmAP = 88.7, 65.3, 100.0
————————————————————————————————————
agg_salgl [99.9, 99.3, 98.4, 99.4, 92.5, 60.7, 97.3, 98.5, 93.6, 96.7, 87.0, 82.2, 98.7, 97.0, 99.4, 89.6, 98.4, 90.1, 99.2, 95.6]
kmeans [100.0, 99.3, 98.3, 99.2, 92.8, 60.8, 98.1, 98.4, 94.0, 96.9, 94.1, 99.6, 98.6, 96.4, 99.6, 89.3, 98.3, 88.9, 99.2, 93.4]
salgl [100.0, 99.3, 98.4, 99.3, 92.9, 58.0, 97.6, 97.8, 93.7, 96.1, 94.8, 99.8, 98.4, 96.8, 99.6, 89.3, 97.3, 86.5, 99.1, 94.7]
c_gcn_with_agg [99.6, 93.5, 98.0, 50.4, 85.7, 48.5, 90.9, 96.2, 90.0, 90.2, 86.7, 99.2, 96.9, 94.0, 93.5, 83.3, 92.2, 81.7, 98.7, 88.2]
c_gcn_without_agg [74.8, 97.6, 98.3, 50.9, 85.7, 94.7, 88.5, 95.9, 90.5, 89.9, 88.5, 99.3, 97.1, 94.3, 97.1, 83.6, 93.1, 82.2, 98.9, 88.4]