add_gcn
mAP: AmAP, WmAP, BmAP = 81.50, 66.98, 100.00
ap_list: [99.41, 88.92, 77.94, 66.87, 76.61, 96.97, 54.91, 71.82, 87.34, 93.34, 81.88, 95.62, 98.81, 97.99, 97.46, 69.22, 96.9, 63.21, 98.86, 87.06]
————————————————————————————————————
connect_add_gcn
mAP: AmAP, WmAP, BmAP = 82.07, 70.50, 100.00
ap_list: [98.99, 88.16, 74.51, 72.7, 76.01, 97.22, 52.63, 75.17, 86.48, 95.36, 83.04, 95.83, 98.57, 97.36, 96.92, 71.16, 97.22, 66.31, 99.46, 86.32]
————————————————————————————————————
connect_add_prob_gcn
mAP: AmAP, WmAP, BmAP = 80.80, 65.06, 100.00
ap_list: [99.14, 87.28, 52.78, 63.43, 72.89, 95.94, 60.26, 72.3, 88.11, 96.07, 85.18, 97.34, 98.47, 97.67, 95.53, 68.74, 96.93, 63.88, 99.21, 79.37]
————————————————————————————————————
connect_add_prob_residual_fix_static_gcn
mAP: AmAP, WmAP, BmAP = 79.96, 66.04, 100.00
ap_list: [99.28, 81.57, 51.38, 62.5, 75.8, 96.2, 50.7, 72.15, 87.11, 95.55, 82.36, 97.68, 98.56, 97.55, 97.21, 65.81, 96.19, 65.64, 98.89, 86.09]
————————————————————————————————————
connect_add_prob_residual_gcn
mAP: AmAP, WmAP, BmAP = 81.36, 66.43, 100.00
ap_list: [99.01, 83.14, 74.9, 65.76, 76.25, 96.81, 57.42, 70.69, 86.99, 95.52, 80.99, 96.58, 98.7, 97.49, 97.41, 71.99, 96.95, 64.23, 98.85, 82.16]
————————————————————————————————————
add_standard_residual_fix_static_gcn
mAP: AmAP, WmAP, BmAP = 81.35, 68.68, 100.00
ap_list: [99.16, 87.48, 75.41, 52.01, 76.12, 96.06, 60.8, 72.63, 87.41, 94.36, 80.62, 91.1, 98.96, 97.74, 97.77, 65.86, 97.39, 75.84, 99.06, 84.77]
————————————————————————————————————
fixed_add_standard_gcn
mAP: AmAP, WmAP, BmAP = 81.22, 65.03, 100.00
ap_list: [99.53, 88.24, 74.19, 51.14, 76.3, 95.99, 52.58, 82.68, 86.82, 96.61, 79.37, 96.88, 98.19, 98.06, 97.78, 67.19, 96.92, 64.52, 98.99, 86.41]
————————————————————————————————————
fixed_connect_add_gcn
mAP: AmAP, WmAP, BmAP = 81.15, 67.95, 100.00
ap_list: [99.39, 82.5, 58.11, 72.6, 80.69, 96.02, 54.71, 74.77, 86.08, 93.81, 83.53, 96.57, 98.76, 97.03, 90.09, 66.5, 96.72, 70.25, 99.45, 84.36]
————————————————————————————————————
fixed_connect_add_residual_gcn
mAP: AmAP, WmAP, BmAP = 82.00, 68.28, 100.00
ap_list: [99.13, 88.33, 65.17, 62.56, 76.44, 96.66, 58.66, 83.01, 87.38, 94.93, 85.1, 95.03, 98.83, 97.57, 95.89, 67.6, 97.17, 61.5, 99.11, 85.71]
————————————————————————————————————
fixed_connect_add_standard_gcn
mAP: AmAP, WmAP, BmAP = 82.37, 67.23, 100.00
ap_list: [99.35, 84.85, 99.33, 62.75, 76.45, 96.61, 57.78, 72.29, 86.97, 95.63, 83.74, 99.01, 98.66, 96.83, 97.36, 69.63, 97.0, 68.8, 99.11, 85.3]
————————————————————————————————————
fixed_connect_prob_gcn
mAP: AmAP, WmAP, BmAP = 81.21, 66.57, 100.00
ap_list: [99.34, 87.46, 74.68, 65.25, 76.01, 96.67, 51.92, 72.94, 88.35, 94.08, 83.86, 95.41, 98.48, 97.82, 94.79, 72.48, 96.97, 61.19, 99.38, 82.38]
————————————————————————————————————
fixed_connect_prob_residual_gcn
mAP: AmAP, WmAP, BmAP = 80.58, 66.93, 100.00
ap_list: [99.17, 92.52, 74.39, 65.91, 76.46, 96.55, 46.71, 69.09, 88.56, 95.14, 82.95, 96.69, 98.71, 97.6, 95.29, 65.85, 96.0, 65.9, 99.03, 85.98]
————————————————————————————————————
fixed_connect_prob_standard_gcn
mAP: AmAP, WmAP, BmAP = 82.51, 70.02, 100.00
ap_list: [99.14, 87.16, 74.69, 67.3, 77.18, 95.76, 55.27, 83.33, 88.4, 93.6, 81.34, 98.05, 98.66, 97.76, 93.09, 73.44, 96.67, 63.0, 98.86, 85.37]
————————————————————————————————————
fixed_connect_prob_standard_residual_gcn
mAP: AmAP, WmAP, BmAP = 81.08, 68.43, 100.00
ap_list: [99.05, 87.56, 64.59, 66.76, 78.22, 96.54, 54.23, 70.57, 85.58, 94.87, 82.18, 95.9, 98.81, 97.48, 96.34, 68.26, 97.04, 67.63, 98.72, 84.7]
————————————————————————————————————
c_gcn
mAP: AmAP, WmAP, BmAP = 76.36, 59.77, 100.00
ap_list: [98.95, 62.76, 74.88, 65.57, 70.19, 94.8, 45.6, 82.63, 81.58, 87.63, 76.81, 94.69, 97.59, 96.38, 92.69, 59.99, 89.55, 57.96, 96.97, 75.87]
————————————————————————————————————
connect_standard_gcn
mAP: AmAP, WmAP, BmAP = 81.14, 65.60, 100.00
ap_list: [99.29, 78.3, 55.71, 60.6, 76.19, 96.83, 55.25, 72.1, 87.45, 95.84, 83.5, 95.1, 98.72, 97.54, 97.43, 69.67, 97.0, 71.04, 99.28, 85.05]
————————————————————————————————————
fedavg
mAP: AmAP, WmAP, BmAP = 75.49, 53.39, 100.00
ap_list: [98.1, 79.17, 48.49, 41.94, 61.91, 92.5, 50.02, 67.57, 80.18, 89.8, 75.09, 88.35, 72.08, 95.27, 96.35, 56.52, 91.43, 69.12, 96.81, 89.87]
————————————————————————————————————
flag
mAP: AmAP, WmAP, BmAP = 78.80, 57.82, 100.00
ap_list: [98.3, 67.38, 50.96, 43.15, 78.18, 94.52, 50.74, 84.53, 84.0, 91.21, 79.34, 96.93, 97.65, 96.05, 94.25, 61.52, 93.81, 56.26, 96.31, 91.57]
————————————————————————————————————
fpsl
mAP: AmAP, WmAP, BmAP = 75.76, 53.85, 99.40
ap_list: [98.4, 78.99, 47.97, 34.97, 61.17, 92.69, 32.18, 98.9, 81.21, 87.26, 72.88, 94.87, 96.1, 93.66, 92.78, 58.47, 92.1, 52.02, 96.26, 90.65]
————————————————————————————————————
p_gcn
mAP: AmAP, WmAP, BmAP = 72.51, 50.58, 100.00
ap_list: [98.02, 73.97, 51.79, 75.33, 56.2, 91.81, 41.98, 82.2, 74.76, 78.77, 65.01, 91.79, 96.45, 94.08, 90.64, 49.94, 86.09, 52.68, 94.33, 86.14]
————————————————————————————————————
salgl
mAP: AmAP, WmAP, BmAP = 82.18, 63.97, 100.00
ap_list: [99.25, 85.09, 63.2, 52.87, 70.34, 95.65, 55.74, 83.12, 90.61, 95.32, 86.55, 93.96, 98.68, 97.83, 98.05, 68.9, 97.13, 64.19, 98.28, 96.07]
————————————————————————————————————

connect_prob_standard_gcn
mAP: AmAP, WmAP, BmAP = 81.71, 69.25, 100.00
ap_list: [98.9, 88.49, 53.49, 63.47, 78.45, 96.27, 57.6, 84.11, 87.74, 95.58, 83.34, 95.05, 98.45, 97.27, 92.64, 67.77, 98.16, 62.23, 98.88, 85.37]
————————————————————————————————————
fixed_prob_standard_gcn
mAP: AmAP, WmAP, BmAP = 82.31, 67.87, 100.00
ap_list: [99.44, 84.28, 75.28, 57.8, 84.02, 96.03, 57.08, 82.73, 88.41, 94.33, 82.61, 98.2, 98.71, 97.56, 89.66, 69.48, 97.09, 63.74, 98.94, 84.88]
————————————————————————————————————

add_gcn_origin
mAP: AmAP, WmAP, BmAP = 79.01, 63.08, 100.00
ap_list: [99.42, 77.11, 61.44, 66.85, 71.45, 96.85, 53.87, 82.91, 83.14, 95.14, 81.7, 95.95, 98.4, 97.72, 96.93, 65.02, 95.93, 60.16, 98.02, 78.77]